0.037043
0.004936
0.003832
0.004213
0.003814
0.003728
0.003714
0.003452
0.003618
0.004370
0.005050
0.003444
0.003489
0.004821
0.003392
0.003375
0.003543
0.003488
0.003408
0.003477
0.003487
0.003456
0.003459
0.003757
0.003428
0.003375
0.003370
0.003399
0.003393
0.003425
0.003451
0.003413
0.011400
0.003663
0.004368
0.003464
0.003505
0.004143
0.003632
0.003570
0.003781
0.003737
0.003765
0.003550
0.003937
0.004806
0.005066
0.005086
0.005686
0.005471
0.005256
0.004823
0.004438
0.004440
0.004252
0.004192
0.004128
0.004182
0.004622
0.003971
0.004196
0.004547
0.004172
0.003579
0.003479
0.004507
0.003786
0.004567
0.003940
0.003885
0.003893
0.003750
0.003864
0.004151
0.003546
0.003548
0.003696
0.003825
0.003691
0.003715
0.003937
0.003511
0.003789
0.004522
0.004288
0.003955
0.003585
0.003703
0.003546
0.003521
0.003563
0.003458
0.003444
0.003480
0.003394
0.003980
0.003413
0.006389
0.004218
0.005761
0.005018
0.008191
0.004343
0.004654
0.004550
0.005961
0.003590
0.003929
0.005173
0.004562
0.005959
0.006271
0.005097
0.003688
0.005921
0.005635
0.007170
0.004639
0.004031
0.004079
0.003824
0.003968
0.003616
0.003463
0.003446
0.003444
0.003375
0.003399
0.003479
0.003380
0.003478
0.003310
0.003354
0.003382
0.003434
0.003327
0.003356
0.003333
0.003403
0.003335
0.003384
0.003362
0.003389
0.003383
0.003390
0.003358
0.003400
0.003348
0.003339
0.003387
0.003384
0.003371
0.003326
0.003374
0.003421
0.003331
0.003356
0.003358
0.003367
0.003382
0.003416
0.003334
0.003360
0.003363
0.003351
0.003411
0.003356
0.003398
0.003364
0.003394
0.003402
0.003419
0.003344
0.003419
0.003391
0.003518
0.003362
0.003376
0.003368
0.003356
0.003371
0.003425
0.003384
0.003403
0.003365
0.003369
0.003385
0.003384
0.003376
0.003361
0.003356
0.003394
0.003464
0.003336
0.003341
0.003361
0.003373
0.003378
0.003374
0.003397
0.003327
0.003346
0.003349
0.003372
0.003335
0.003357
0.003333
0.003375
0.003344
0.003344
0.003373
0.003394
0.003380
0.003389
0.003384
0.003425
0.003332
0.003358
0.003380
0.003410
0.003354
0.003397
0.003366
0.003404
0.003356
0.003371
0.003384
0.003421
0.003340
0.003368
0.003349
0.003395
0.003331
0.003400
0.003380
0.003385
0.003342
0.003394
0.003397
0.003397
0.003384
0.003392
0.003341
0.003354
0.003343
0.003370
0.003376
0.003428
0.003399
0.003359
0.003390
0.003403
0.003375
0.003383
0.003468
0.003775
